109,35
10,31
10,239
10,225
10,83
10,251
10,113
11,25
104,3
104,2
104,1
104,0
20,3
20,2
20,1
19,3
19,2
19,1
12,3
12,2
12,1
11,27
11,26
11,24
11,23
11,20
11,19
11,18
11,17
11,16
11,15
11,14
11,13
11,12
11,11
11,9
11,8
11,7
11,6
11,5
11,4
11,3
11,2
11,1
10,309
10,302
10,294
10,292
10,276
10,269
10,263
10,246
10,233
10,229
10,226
10,215
10,213
10,212
10,206
10,204
10,187
10,184
10,179
10,174
10,160
10,159
10,154
10,124
10,107
10,105
10,101
10,82
10,80
10,74
10,66
10,64
10,34
18,1
10,26
18,3
10,19
10,9
10,5
10,3
14,1
10,2
14,3
10,1
9,7
13,1
9,6
9,5
9,4
9,3
13,3
9,2
9,1
8,18
8,17
8,16
8,15
8,14
8,13
8,12
8,11
8,10
8,9
8,8
8,7
8,5
8,4
8,3
8,2
